0.636364
0.522727
0
0
0.272727
0.25
0.318182
0.181818
0
0.522727
0
0
0.636364
0.25
0
0.681818
0
0.113636
0.204545
0.340909
0.454545
0.613636
0.75
0.863636
0
0.113636
0.204545
0.340909
0.454545
0.613636
0.75
0.863636
0
0.113636
0.204545
0.340909
0.454545
0.613636
0.75
0.863636
0
0.113636
0.204545
0.340909
0.454545
0.613636
0.75
0.863636
0
0.113636
0.204545
0.340909
0.454545
0.613636
0.75
0.863636
0
0.113636
0.204545
0.340909
0.454545
0.613636
0.75
0.863636
0
0.113636
0.204545
0.340909
0.454545
0.613636
0.75
0.863636
