0
0.113636
0.204545
0.340909
0.454545
0.613636
0.75
0.863636
0
0.113636
0.204545
0.340909
0.454545
0.613636
0.75
0.863636
0
0.113636
0.204545
0.340909
0.454545
0.613636
0.75
0.863636
0
0.113636
0.204545
0.340909
0.454545
0.613636
0.75
0.863636
0
0.113636
0.204545
0.340909
0.454545
0.613636
0.75
0.863636
0
0.113636
0.204545
0.340909
0.454545
0.613636
0.75
0.863636
0
0.113636
0.204545
0.340909
0.454545
0.613636
0.75
0.863636
0
0.113636
0.204545
0.340909
0.454545
0.613636
0.75
0.863636
0
0.113636
0.204545
0.340909
0.454545
0.613636
0.75
0.863636
