0
0
1
1
0.416667
0.708333
0.697917
0.275229
0
0.139241
0.278481
0.21519
0.0625
0.231579
0
0.880597
0.253731
0.149254
0.447761
0.681818
0.454545
0
0
0
0
0.0416667
0.822917
0.136842
0.178947
0
1
0
0
0
1
0
0.789474
0
6
3
0
0
0
0
0
0
0
0
0
0
0
0
0
0
0
0
0
0
0
0
0
0
0
0
0
0
0
0
0
0
0
0
0
0
0
0
0
0
0
0
0
0
0
0
0
0
0
0
0
0
0
0
0
0
0
0
0
0
0
0
0
0
0
0
0
0
0
0
0
0
0
0
0
0
0
0
0
0
0
0
0
0
0
0
0
0
0
0
0
0
1
1
0.416667
0.708333
0.697917
0.917431
0.651376
0.139241
0.278481
0.21519
0.0625
0.231579
0
0.955224
0.850746
0.134328
0.104478
0
0.0909091
0
0
0
0
0.0416667
0.822917
0.136842
0.178947
0
1
0
0
0
1
0
0.789474
0
6
1
0
0
0
0
0
0
0
0
0
0
0
0
0
0
0
0
0
0
0
0
0
0
0
0
0
0
0
0
0
0
0
0
0
0
0
0
0
0
0
0
0
0
0
0
0
0
0
0
0
0
0
0
0
0
0
0
0
0
0
0
0
0
0
0
0
0
0
0
0
0
0
0
0
0
0
0
0
0
0
0
0
0
0
0
0
0
0
0
0
0
1
1
0.416667
0.708333
0.697917
0.509174
0.775229
0.632911
0.278481
0.21519
0.0625
0.231579
0
0.880597
0.253731
0.149254
0.447761
0.681818
0.454545
0
0
0
0
0.0416667
0.822917
0.136842
0.178947
0
1
0
0
0
1
0
0.789474
0
6
3
0
0
0
0
0
0
0
0
0
0
0
0
0
0
0
0
0
0
0
0
0
0
0
0
0
0
0
0
0
0
0
0
0
0
0
0
0
0
0
0
0
0
0
0
0
0
0
0
0
0
0
0
0
0
0
0
0
0
0
0
0
0
0
0
0
0
0
0
0
0
0
0
0
0
0
0
0
0
0
0
0
0
0
0
0
0
0
0
0
0
1
1
0.416667
0.708333
0.697917
0.784404
0.477064
0
0
0
0
0.231579
0
0.955224
0.850746
0.134328
0.104478
0
0.0909091
0
0
0
0
0.0416667
0.822917
0
0.178947
0
1
0
0
0
1
0
0.789474
0
6
1
0
0
0
0
0
0
0
0
0
0
0
0
0
0
0
0
0
0
0
0
0
0
0
0
0
0
0
0
0
0
0
0
0
0
0
0
0
0
0
0
0
0
0
0
0
0
0
0
0
0
0
0
0
0
0
0
0
0
0
0
0
0
0
0
0
0
0
0
0
0
0
0
0
0
0
0
0
0
0
0
0
0
0
0
0
0
0
0
0
0
1
1
0.416667
0.708333
0.697917
0.568807
0.311927
0.341772
0.64557
0
0.625
0.231579
0
0.955224
0.850746
0.134328
0.104478
0
0.0909091
0
0
0
0
0.0416667
0.822917
0
0.178947
0
0
1
1
1
0
1
0.789474
0
6
4
0
0
0
0
0
0
0
0
0
0
0
0
0
0
0
0
0
0
0
0
0
0
0
0
0
0
0
0
0
0
0
0
0
0
0
0
0
0
0
0
0
0
0
0
0
0
0
0
0
0
0
0
0
0
0
0
0
0
0
0
0
0
0
0
0
0
0
0
0
0
0
0
0
0
0
0
0
0
0
0
0
0
0
0
0
0
0
0
0
0.125
1
1
0.416667
0.708333
0.697917
0.917431
0.651376
0.139241
0.278481
0.21519
0.0625
0.231579
0
0.955224
0.850746
0.134328
0.104478
0
0.0909091
0
0
0
0
0.1875
0.854167
0.136842
0.178947
0
0
1
1
1
0
1
0.789474
0
6
1
0
0
0
0
0
0
0
0
0
0
0
0
0
0
0
0
0
0
0
0
0
0
0
0
0
0
0
0
0
0
0
0
0
0
0
0
0
0
0
0
0
0
0
0
0
0
0
0
0
0
0
0
0
0
0
0
0
0
0
0
0
0
0
0
0
0
0
0
0
0
0
0
0
0
0
0
0
0
0
0
0
0
0
0
0
0
0
0
0
0
1
1
0.416667
0.708333
0.697917
0
0
0.139241
0.278481
0.21519
0.0625
0.231579
0
0.880597
0.253731
0.149254
0.447761
0.681818
0.454545
0
0
0
0
0.0416667
0.822917
0.136842
0.178947
0
1
0
0
0
1
1
0.789474
0
6
3
0
0
0
0
0
0
0
0
0
0
0
0
0
0
0
0
0
0
0
0
0
0
0
0
0
0
0
0
0
0
0
0
0
0
0
0
0
0
0
0
0
0
0
0
0
0
0
0
0
0
0
0
0
0
0
0
0
0
0
0
0
0
0
0
0
0
0
0
0
0
0
0
0
0
0
0
0
0
0
0
0
0
0
0
0
0
0
0
0
0
1
1
0.416667
0.708333
0.697917
0
0
0.139241
0.278481
0.21519
0.0625
0.231579
0
0.880597
0.253731
0.149254
0.447761
0.681818
0.454545
0
0
0
0
0.0416667
0.822917
0.136842
0.178947
0
1
0
1
0
1
0
0.789474
0
6
3
0
0
0
0
0
0
0
0
0
0
0
0
0
0
0
0
0
0
0
0
0
0
0
0
0
0
0
0
0
0
0
0
0
0
0
0
0
0
0
0
0
0
0
0
0
0
0
0
0
0
0
0
0
0
0
0
0
0
0
0
0
0
0
0
0
0
0
0
0
0
0
0
0
0
0
0
0
0
0
0
0
0
0
0
0
0
0
0
0
0
1
1
0.416667
0.708333
0.697917
0
0
0.139241
0.278481
0.21519
0.0625
0.231579
0
0.880597
0.253731
0.149254
0.447761
0.681818
0.454545
0
0
0
0
0.0416667
0.822917
0.136842
0.178947
0
0
0
0
0
0
0
0.789474
0
6
3
0
0
0
0
0
0
0
0
0
0
0
0
0
0
0
0
0
0
0
0
0
0
0
0
0
0
0
0
0
0
0
0
0
0
0
0
0
0
0
0
0
0
0
0
0
0
0
0
0
0
0
0
0
0
0
0
0
0
0
0
0
0
0
0
0
0
0
0
0
0
0
0
0
0
0
0
0
0
0
0
0
0
0
0
0
0
0
0
