0
0.375
0.375
0.4375
0
0.604167
0.822917
0.380734
0.811927
0
0
0
0
0
0
0
0.0895522
0.402985
0.656716
0
0.0454545
0
0
0
0
0.947917
0.75
0.284211
0
1
1
0
0
0
1
0
0.631579
0
6
3
0
0
0
0
0
0
0
0
0
0
0
0
0
0
0
0
0
0
0
0
0
0
0
0
0
0
0
0
0
0
0
0
0
0
0
0
0
0
0
0
0
0
0
0
0
0
0
0
0
0
0
0
0
0
0
0
0
0
0
0
0
0
0
0
0
0
0
0
0
0
0
0
0
0
0
0
0
0
0
0
0
0
0
0
0
0
0
0
0
0.375
0.375
0.4375
0
0.604167
0.822917
0.775229
0.174312
0
0
0
0
0
0
0
0.0895522
0.402985
0.656716
0
0.0454545
0
0
0
0
0.947917
0.75
0.284211
0
1
1
0
0
0
1
0
0.631579
0
6
3
0
0
0
0
0
0
0
0
0
0
0
0
0
0
0
0
0
0
0
0
0
0
0
0
0
0
0
0
0
0
0
0
0
0
0
0
0
0
0
0
0
0
0
0
0
0
0
0
0
0
0
0
0
0
0
0
0
0
0
0
0
0
0
0
0
0
0
0
0
0
0
0
0
0
0
0
0
0
0
0
0
0
0
0
0
0
0
0
0
0.375
0.375
0.4375
0
0.604167
0.822917
0.775229
0.174312
0
0
0
0
0
0
0
0.0895522
0.402985
0.656716
0
0.0454545
0
0
0
0
0.947917
0.75
0.284211
0
1
1
0
0
0
1
0
0.631579
0
6
3
0
0
0
0
0
0
0
0
0
0
0
0
0
0
0
0
0
0
0
0
0
0
0
0
0
0
0
0
0
0
0
0
0
0
0
0
0
0
0
0
0
0
0
0
0
0
0
0
0
0
0
0
0
0
0
0
0
0
0
0
0
0
0
0
0
0
0
0
0
0
0
0
0
0
0
0
0
0
0
0
0
0
0
0
0
0
0
0
0
0.854167
0.375
0.65625
0
0.854167
0.822917
0.380734
0.811927
0
0
0
0
0
0
0
0.0895522
0.402985
0.656716
0
0.0454545
0
0
0
0
0.947917
0.75
0.284211
0
1
1
0
0
0
1
0
0.631579
0
6
3
0
0
0
0
0
0
0
0
0
0
0
0
0
0
0
0
0
0
0
0
0
0
0
0
0
0
0
0
0
0
0
0
0
0
0
0
0
0
0
0
0
0
0
0
0
0
0
0
0
0
0
0
0
0
0
0
0
0
0
0
0
0
0
0
0
0
0
0
0
0
0
0
0
0
0
0
0
0
0
0
0
0
0
0
0
0
0
0
0
0.375
0.375
0.4375
0
0.604167
0.822917
0.807339
0.513761
0
0
0
0
0
0
0
0.208955
0.7875
0.656716
0
0.227273
0
0
0
0
0.947917
0.75
0.178947
0
1
0
1
1
1
0
1
0.631579
0
6
3
0
0
0
0
0
0
0
0
0
0
0
0
0
0
0
0
0
0
0
0
0
0
0
0
0
0
0
0
0
0
0
0
0
0
0
0
0
0
0
0
0
0
0
0
0
0
0
0
0
0
0
0
0
0
0
0
0
0
0
0
0
0
0
0
0
0
0
0
0
0
0
0
0
0
0
0
0
0
0
0
0
0
0
0
0
0
0
0
0
0.822917
0.447917
0.510417
0
0.84375
0.40625
0.807339
0.513761
0
0
0
0
0
0
0
0.208955
0.7875
0.656716
0
0.227273
0
0
0
0
0.947917
0.75
0.178947
0
1
0
1
1
1
0
1
0.631579
0
6
3
0
0
0
0
0
0
0
0
0
0
0
0
0
0
0
0
0
0
0
0
0
0
0
0
0
0
0
0
0
0
0
0
0
0
0
0
0
0
0
0
0
0
0
0
0
0
0
0
0
0
0
0
0
0
0
0
0
0
0
0
0
0
0
0
0
0
0
0
0
0
0
0
0
0
0
0
0
0
0
0
0
0
0
0
0
0
0
0
0
0.375
0.375
0.4375
0
0.604167
0.822917
0.536697
0.513761
0
0
0
0
0
0
0
0.208955
0.7875
0.656716
0
0.227273
0
0
0
0
0.947917
0.75
0.178947
0
1
1
0
0
0
1
1
0.631579
0
6
3
0
0
0
0
0
0
0
0
0
0
0
0
0
0
0
0
0
0
0
0
0
0
0
0
0
0
0
0
0
0
0
0
0
0
0
0
0
0
0
0
0
0
0
0
0
0
0
0
0
0
0
0
0
0
0
0
0
0
0
0
0
0
0
0
0
0
0
0
0
0
0
0
0
0
0
0
0
0
0
0
0
0
0
0
0
0
0
0
0
0.375
0.375
0.4375
0
0.854167
0.822917
0.536697
0.513761
0
0.151899
0
0
0
0
0
0.208955
0.7875
0.656716
0
0.227273
0
0
0
0
0.947917
0.75
0.178947
0
1
1
0
1
0
1
0
0.631579
0
6
3
0
0
0
0
0
0
0
0
0
0
0
0
0
0
0
0
0
0
0
0
0
0
0
0
0
0
0
0
0
0
0
0
0
0
0
0
0
0
0
0
0
0
0
0
0
0
0
0
0
0
0
0
0
0
0
0
0
0
0
0
0
0
0
0
0
0
0
0
0
0
0
0
0
0
0
0
0
0
0
0
0
0
0
0
0
0
0
0
0.0729167
0.84375
0.520833
0.65625
0
0.854167
0.822917
0.380734
0.811927
0
0
0
0
0
0
0
0.0895522
0.402985
0.656716
0
0.0454545
0
0
0
0
0.947917
0.833333
0.284211
0
1
0
0
0
0
0
0
0.631579
0
6
3
0
0
0
0
0
0
0
0
0
0
0
0
0
0
0
0
0
0
0
0
0
0
0
0
0
0
0
0
0
0
0
0
0
0
0
0
0
0
0
0
0
0
0
0
0
0
0
0
0
0
0
0
0
0
0
0
0
0
0
0
0
0
0
0
0
0
0
0
0
0
0
0
0
0
0
0
0
0
0
0
0
0
0
0
0
0
0
0
