1
0.104167
0.875
0.59375
0.666667
0.239583
0.0729167
0.233945
0.348624
0
0
0
0
0.326316
0.0315789
0.0298507
0.149254
0.104478
0.656716
0
0.0909091
0
0
0
0
1
0.78125
0.252632
0.105263
1
1
0
0
0
1
0
0.631579
0
5
3
0
0
0
0
0
0
0
0
0
0
0
0
0
0
0
0
0
0
0
0
0
0
0
0
0
0
0
0
0
0
0
0
0
0
0
0
0
0
0
0
0
0
0
0
0
0
0
0
0
0
0
0
0
0
0
0
0
0
0
0
0
0
0
0
0
0
0
0
0
0
0
0
0
0
0
0
0
0
0
0
0
0
0
0
0
0
0
0
1
0.104167
0.875
0.59375
0.666667
0.239583
0.0729167
0.293578
0.697248
0
0
0
0
0.326316
0.0315789
0.0298507
0.149254
0.104478
0.656716
0
0.0909091
0
0
0
0
1
0.78125
0.252632
0.105263
1
1
0
0
0
1
0
0.631579
0
5
3
0
0
0
0
0
0
0
0
0
0
0
0
0
0
0
0
0
0
0
0
0
0
0
0
0
0
0
0
0
0
0
0
0
0
0
0
0
0
0
0
0
0
0
0
0
0
0
0
0
0
0
0
0
0
0
0
0
0
0
0
0
0
0
0
0
0
0
0
0
0
0
0
0
0
0
0
0
0
0
0
0
0
0
0
0
0
0
0
1
0.104167
0.875
0.59375
0.666667
0.239583
0
0.394495
0.348624
0
0
0
0
0.326316
0.0315789
0
0.0298507
0.686567
0.38806
0.0909091
0.272727
0
0
0
0
1
0.78125
0.147368
0.105263
1
1
0
0
0
1
0
0.631579
0
5
3
0
0
0
0
0
0
0
0
0
0
0
0
0
0
0
0
0
0
0
0
0
0
0
0
0
0
0
0
0
0
0
0
0
0
0
0
0
0
0
0
0
0
0
0
0
0
0
0
0
0
0
0
0
0
0
0
0
0
0
0
0
0
0
0
0
0
0
0
0
0
0
0
0
0
0
0
0
0
0
0
0
0
0
0
0
0
0
0
0.572917
0.104167
0.885417
0.927083
0.71875
0.885417
0.895833
0.247706
0.490826
0
0
0
0
0.326316
0.0315789
0.0298507
0.149254
0.104478
0.656716
0
0.0909091
0
0
0
0
1
0.666667
0.105263
0.105263
1
1
0
0
0
1
0
0.631579
0
5
3
0
0
0
0
0
0
0
0
0
0
0
0
0
0
0
0
0
0
0
0
0
0
0
0
0
0
0
0
0
0
0
0
0
0
0
0
0
0
0
0
0
0
0
0
0
0
0
0
0
0
0
0
0
0
0
0
0
0
0
0
0
0
0
0
0
0
0
0
0
0
0
0
0
0
0
0
0
0
0
0
0
0
0
0
0
0
0
0
0.572917
0.104167
0.885417
0.927083
0.71875
0.885417
0.895833
0.247706
0.665138
0
0
0
0
0.326316
0.0315789
0.0298507
0.149254
0.104478
0.656716
0
0.0909091
0
0
0
0
0.6875
0.84375
0.105263
0.105263
1
0
1
1
1
0
1
0.631579
0
5
3
0
0
0
0
0
0
0
0
0
0
0
0
0
0
0
0
0
0
0
0
0
0
0
0
0
0
0
0
0
0
0
0
0
0
0
0
0
0
0
0
0
0
0
0
0
0
0
0
0
0
0
0
0
0
0
0
0
0
0
0
0
0
0
0
0
0
0
0
0
0
0
0
0
0
0
0
0
0
0
0
0
0
0
0
0
0
0
0
0.572917
0.104167
0.885417
0.927083
0.71875
0.885417
0.895833
0.247706
0.665138
0
0
0
0
0.326316
0.0315789
0.0298507
0.149254
0.104478
0.656716
0
0.0909091
0
0
0
0
0.6875
0.84375
0.105263
0.105263
1
0
1
1
1
0
1
0.631579
0.610526
5
3
0
0
0
0
0
0
0
0
0
0
0
0
0
0
0
0
0
0
0
0
0
0
0
0
0
0
0
0
0
0
0
0
0
0
0
0
0
0
0
0
0
0
0
0
0
0
0
0
0
0
0
0
0
0
0
0
0
0
0
0
0
0
0
0
0
0
0
0
0
0
0
0
0
0
0
0
0
0
0
0
0
0
0
0
0
0
0
0
0.572917
0.104167
0.885417
0.927083
0.71875
0.885417
0.895833
0.807339
0.811927
0.0759494
0.734177
0
0.59375
0.326316
0.0315789
0.0298507
0.149254
0.104478
0.656716
0
0.0909091
0
0
0
0
0.6875
0.84375
0.105263
0.105263
1
1
0
0
0
1
1
0.631579
0.768421
5
3
0
0
0
0
0
0
0
0
0
0
0
0
0
0
0
0
0
0
0
0
0
0
0
0
0
0
0
0
0
0
0
0
0
0
0
0
0
0
0
0
0
0
0
0
0
0
0
0
0
0
0
0
0
0
0
0
0
0
0
0
0
0
0
0
0
0
0
0
0
0
0
0
0
0
0
0
0
0
0
0
0
0
0
0
0
0
0
0
0.572917
0.104167
0.885417
0.927083
0.71875
0.885417
0.895833
0.247706
0.665138
0
0
0
0
0.326316
0.0315789
0.0298507
0.149254
0.104478
0.656716
0
0.0909091
0
0
0
0
0.6875
0.84375
0
0.105263
0
1
0
1
0
1
0
0.631579
0
5
3
0
0
0
0
0
0
0
0
0
0
0
0
0
0
0
0
0
0
0
0
0
0
0
0
0
0
0
0
0
0
0
0
0
0
0
0
0
0
0
0
0
0
0
0
0
0
0
0
0
0
0
0
0
0
0
0
0
0
0
0
0
0
0
0
0
0
0
0
0
0
0
0
0
0
0
0
0
0
0
0
0
0
0
0
0
0
0
0
1
0.104167
0.875
0.59375
0.666667
0.239583
0.0729167
0.293578
0.697248
0
0
0
0
0.326316
0.0315789
0.0298507
0.149254
0.104478
0.656716
0
0.0909091
0
0
0
0
1
0.78125
0.252632
0.105263
1
0
0
0
0
0
0
0.631579
0.515789
5
3
0
0
0
0
0
0
0
0
0
0
0
0
0
0
0
0
0
0
0
0
0
0
0
0
0
0
0
0
0
0
0
0
0
0
0
0
0
0
0
0
0
0
0
0
0
0
0
0
0
0
0
0
0
0
0
0
0
0
0
0
0
0
0
0
0
0
0
0
0
0
0
0
0
0
0
0
0
0
0
0
0
0
0
0
0
0
0
0
