0
0
0.604167
0.3125
0.03125
0.0208333
0.791667
0.605505
0.0917431
0
0
0
0
0.242105
0
0.880597
0.253731
0.149254
0.447761
0.681818
0.454545
0
0
0
0
0.450417
0.697917
0.726316
0
1
1
0
0
0
1
0
0.789474
0
6
4
0
0
0
0
0
0
0
0
0
0
0
0
0
0
0
0
0
0
0
0
0
0
0
0
0
0
0
0
0
0
0
0
0
0
0
0
0
0
0
0
0
0
0
0
0
0
0
0
0
0
0
0
0
0
0
0
0
0
0
0
0
0
0
0
0
0
0
0
0
0
0
0
0
0
0
0
0
0
0
0
0
0
0
0
0
0
0
0
0
0
0.604167
0.3125
0.03125
0.0208333
0.791667
0.43578
0.788991
0
0
0
0
0.242105
0
0.880597
0.253731
0.149254
0.447761
0.681818
0.454545
0
0
0
0
0.450417
0.697917
0.726316
0
1
1
0
0
0
1
0
0.789474
0
6
4
0
0
0
0
0
0
0
0
0
0
0
0
0
0
0
0
0
0
0
0
0
0
0
0
0
0
0
0
0
0
0
0
0
0
0
0
0
0
0
0
0
0
0
0
0
0
0
0
0
0
0
0
0
0
0
0
0
0
0
0
0
0
0
0
0
0
0
0
0
0
0
0
0
0
0
0
0
0
0
0
0
0
0
0
0
0
0
0
0.239583
0
0.15625
0.302083
0.03125
1
1
0.747706
0.0366972
0
0
0
0
0.242105
0
0.701493
0.238806
0.179104
0.298507
0.1125
0.909091
0
0
0
0
0.450417
0.697917
0.568421
0
1
1
0
0
0
1
0
0.789474
0
6
4
0
0
0
0
0
0
0
0
0
0
0
0
0
0
0
0
0
0
0
0
0
0
0
0
0
0
0
0
0
0
0
0
0
0
0
0
0
0
0
0
0
0
0
0
0
0
0
0
0
0
0
0
0
0
0
0
0
0
0
0
0
0
0
0
0
0
0
0
0
0
0
0
0
0
0
0
0
0
0
0
0
0
0
0
0
0
0
0
0
0
0.604167
0.3125
0.03125
0.0208333
0.791667
0
0
0
0
0
0
0.242105
0
0.880597
0.253731
0.149254
0.447761
0.681818
0.454545
0
0
0
0
0.450417
0.697917
0.726316
0
1
1
0
0
0
1
0
0.789474
0
6
4
0
0
0
0
0
0
0
0
0
0
0
0
0
0
0
0
0
0
0
0
0
0
0
0
0
0
0
0
0
0
0
0
0
0
0
0
0
0
0
0
0
0
0
0
0
0
0
0
0
0
0
0
0
0
0
0
0
0
0
0
0
0
0
0
0
0
0
0
0
0
0
0
0
0
0
0
0
0
0
0
0
0
0
0
0
0
0
0
0
0
0.989583
1
0.84375
0.8125
0.791667
0.655963
0.788991
0
0
0
0.328125
0.242105
0
0.880597
0.253731
0.149254
0.447761
0.681818
0.454545
0
0
0
0
1
0.739583
0.726316
0.115789
1
0
1
1
1
0
1
0.789474
0.0105263
6
3
0
0
0
0
0
0
0
0
0
0
0
0
0
0
0
0
0
0
0
0
0
0
0
0
0
0
0
0
0
0
0
0
0
0
0
0
0
0
0
0
0
0
0
0
0
0
0
0
0
0
0
0
0
0
0
0
0
0
0
0
0
0
0
0
0
0
0
0
0
0
0
0
0
0
0
0
0
0
0
0
0
0
0
0
0
0
0
0
0.208333
0.125
0.0416667
0
0
0.625
0.447917
0.655963
0.788991
0
0
0
0.328125
0.242105
0
0.880597
0.253731
0.149254
0.447761
0.681818
0.454545
0
0
0
0
1
0.739583
0.726316
0.115789
1
0
1
1
1
0
1
0.789474
0.0105263
6
3
0
0
0
0
0
0
0
0
0
0
0
0
0
0
0
0
0
0
0
0
0
0
0
0
0
0
0
0
0
0
0
0
0
0
0
0
0
0
0
0
0
0
0
0
0
0
0
0
0
0
0
0
0
0
0
0
0
0
0
0
0
0
0
0
0
0
0
0
0
0
0
0
0
0
0
0
0
0
0
0
0
0
0
0
0
0
0
0
0
0
0.604167
0.3125
0.03125
0.0208333
0.791667
0
0
0
0
0
0
0.242105
0
0.880597
0.253731
0.149254
0.447761
0.681818
0.454545
0
0
0
0
0.450417
0.697917
0.726316
0
1
1
0
0
0
1
1
0.789474
0
6
4
0
0
0
0
0
0
0
0
0
0
0
0
0
0
0
0
0
0
0
0
0
0
0
0
0
0
0
0
0
0
0
0
0
0
0
0
0
0
0
0
0
0
0
0
0
0
0
0
0
0
0
0
0
0
0
0
0
0
0
0
0
0
0
0
0
0
0
0
0
0
0
0
0
0
0
0
0
0
0
0
0
0
0
0
0
0
0
0
0
0
0.604167
0.3125
0.03125
0.0208333
0.791667
0
0
0
0
0
0
0.242105
0
0.880597
0.253731
0.149254
0.447761
0.681818
0.454545
0
0
0
0
0.450417
0.697917
0.726316
0
1
1
0
1
0
1
0
0.789474
0
6
4
0
0
0
0
0
0
0
0
0
0
0
0
0
0
0
0
0
0
0
0
0
0
0
0
0
0
0
0
0
0
0
0
0
0
0
0
0
0
0
0
0
0
0
0
0
0
0
0
0
0
0
0
0
0
0
0
0
0
0
0
0
0
0
0
0
0
0
0
0
0
0
0
0
0
0
0
0
0
0
0
0
0
0
0
0
0
0
0
0
0
0.604167
0.3125
0.03125
0.0208333
0.791667
0
0
0
0
0
0
0.242105
0
0.880597
0.253731
0.149254
0.447761
0.681818
0.454545
0
0
0
0
0.450417
0.697917
0.726316
0
1
0
0
0
0
0
0
0.789474
0
6
4
0
0
0
0
0
0
0
0
0
0
0
0
0
0
0
0
0
0
0
0
0
0
0
0
0
0
0
0
0
0
0
0
0
0
0
0
0
0
0
0
0
0
0
0
0
0
0
0
0
0
0
0
0
0
0
0
0
0
0
0
0
0
0
0
0
0
0
0
0
0
0
0
0
0
0
0
0
0
0
0
0
0
0
0
0
0
0
0
