0
0.5
0.166667
0.216216
0.416667
0.738095
1
0
0
1
0.886076
1
1
0.19697
0.0606061
0.0925926
0
0.481481
0.722222
0.314815
0.518519
0.457143
0.257143
3
2
0.708333
0.708333
0.297727
0.136364
0
1
0
0
0
1
1
0.789474
0
6
3
0
1
1
0
0
1
0
0
0
0
0
0
0
0
0
0
0
0
0
0
0
0
0
0
0
0
0
0
0
0
0
0
0
0
0
0
0
0
0
0
0
0
0
0
0
0
0
0
0
0
0
0
0
0
0
0
0
0
0
0
0
0
0
0
0
0
0
0
0
0
0
0
0
0
0
0
0
0
0
0
0
0
0
0
0
0
0
0
0
0.5
0.166667
0.216216
0.416667
0.738095
1
0
0
1
0.886076
1
1
0.19697
0.0606061
0.0925926
0
0.481481
0.722222
0.314815
0.518519
0.457143
0.257143
3
2
0.708333
0.708333
0.297727
0.136364
0
1
0
0
0
1
1
0.789474
0
6
3
0
1
1
0
0
1
0
0
0
0
0
0
0
0
0
0
0
0
0
0
0
0
0
0
0
0
0
0
0
0
0
0
0
0
0
0
0
0
0
0
0
0
0
0
0
0
0
0
0
0
0
0
0
0
0
0
0
0
0
0
0
0
0
0
0
0
0
0
0
0
0
0
0
0
0
0
0
0
0
0
0
0
0
0
0
0
0
0
0
0.5
0.166667
0.216216
0.416667
0.738095
1
0
0
1
0.886076
1
1
0.19697
0.0606061
0.0925926
0
0.481481
0.722222
0.314815
0.518519
0.457143
0.257143
3
2
0.708333
0.708333
0.297727
0.136364
0
1
0
0
0
1
1
0.789474
0
6
3
0
1
1
0
0
1
0
0
0
0
0
0
0
0
0
0
0
0
0
0
0
0
0
0
0
0
0
0
0
0
0
0
0
0
0
0
0
0
0
0
0
0
0
0
0
0
0
0
0
0
0
0
0
0
0
0
0
0
0
0
0
0
0
0
0
0
0
0
0
0
0
0
0
0
0
0
0
0
0
0
0
0
0
0
0
0
0
0
0
0.5
0.166667
0.216216
0.416667
0.738095
1
0
0
1
0.886076
1
1
0.19697
0.0606061
0.0925926
0
0.481481
0.722222
0.314815
0.518519
0.457143
0.257143
3
2
0.708333
0.708333
0.297727
0.136364
0
1
0
0
0
1
1
0.789474
0
6
3
0
1
1
0
0
1
0
0
0
0
0
0
0
0
0
0
0
0
0
0
0
0
0
0
0
0
0
0
0
0
0
0
0
0
0
0
0
0
0
0
0
0
0
0
0
0
0
0
0
0
0
0
0
0
0
0
0
0
0
0
0
0
0
0
0
0
0
0
0
0
0
0
0
0
0
0
0
0
0
0
0
0
0
0
0
0
0
0
0
0.5
0.166667
0.216216
0.416667
0.738095
1
0
0
1
0.886076
1
1
0.19697
0.0606061
0.0925926
0
0.481481
0.722222
0.314815
0.518519
0.457143
0.257143
3
2
0.708333
0.708333
0.297727
0.136364
0
1
0
0
0
1
1
0.789474
0
6
3
0
1
1
0
0
1
0
0
0
0
0
0
0
0
0
0
0
0
0
0
0
0
0
0
0
0
0
0
0
0
0
0
0
0
0
0
0
0
0
0
0
0
0
0
0
0
0
0
0
0
0
0
0
0
0
0
0
0
0
0
0
0
0
0
0
0
0
0
0
0
0
0
0
0
0
0
0
0
0
0
0
0
0
0
0
0
0
0
0
0.5
0.166667
0.216216
0.416667
0.738095
1
0
0
1
0.886076
1
1
0.19697
0.0606061
0.0925926
0
0.481481
0.722222
0.314815
0.518519
0.457143
0.257143
3
2
0.708333
0.708333
0.297727
0.136364
0
1
0
0
0
1
1
0.789474
0
6
3
0
1
1
0
0
1
0
0
0
0
0
0
0
0
0
0
0
0
0
0
0
0
0
0
0
0
0
0
0
0
0
0
0
0
0
0
0
0
0
0
0
0
0
0
0
0
0
0
0
0
0
0
0
0
0
0
0
0
0
0
0
0
0
0
0
0
0
0
0
0
0
0
0
0
0
0
0
0
0
0
0
0
0
0
0
0
0
0
0
0.5
0.166667
0.216216
0.416667
0.738095
1
0
0
1
0.886076
1
1
0.19697
0.0606061
0.0925926
0
0.481481
0.722222
0.314815
0.518519
0.457143
0.257143
3
2
0.708333
0.708333
0.297727
0.136364
0
1
0
0
0
1
1
0.789474
0
6
3
0
1
1
0
0
1
0
0
0
0
0
0
0
0
0
0
0
0
0
0
0
0
0
0
0
0
0
0
0
0
0
0
0
0
0
0
0
0
0
0
0
0
0
0
0
0
0
0
0
0
0
0
0
0
0
0
0
0
0
0
0
0
0
0
0
0
0
0
0
0
0
0
0
0
0
0
0
0
0
0
0
0
0
0
0
0
0
0
0
0.5
0.166667
0.216216
0.416667
0.738095
1
0
0
1
0.886076
1
1
0.19697
0.0606061
0.0925926
0
0.481481
0.722222
0.314815
0.518519
0.457143
0.257143
3
2
0.708333
0.708333
0.297727
0.136364
0
1
0
0
0
1
1
0.789474
0
6
3
0
1
1
0
0
1
0
0
0
0
0
0
0
0
0
0
0
0
0
0
0
0
0
0
0
0
0
0
0
0
0
0
0
0
0
0
0
0
0
0
0
0
0
0
0
0
0
0
0
0
0
0
0
0
0
0
0
0
0
0
0
0
0
0
0
0
0
0
0
0
0
0
0
0
0
0
0
0
0
0
0
0
0
0
0
0
0
0
0
0.5
0.166667
0.216216
0.416667
0.738095
1
0
0
1
0.886076
1
1
0.19697
0.0606061
0.0925926
0
0.481481
0.722222
0.314815
0.518519
0.457143
0.257143
3
2
0.708333
0.708333
0.297727
0.136364
0
1
0
0
0
1
1
0.789474
0
6
3
0
1
1
0
0
1
0
0
0
0
0
0
0
0
0
0
0
0
0
0
0
0
0
0
0
0
0
0
0
0
0
0
0
0
0
0
0
0
0
0
0
0
0
0
0
0
0
0
0
0
0
0
0
0
0
0
0
0
0
0
0
0
0
0
0
0
0
0
0
0
0
0
0
0
0
0
0
0
0
0
0
0
0
0
0
0
0
0
