0
0
0.322917
0.500142
0
0.21875
0.208333
0.400038
0.518349
0
0
0
0
0.273684
0.0526316
0.686567
0.343284
0.791045
0.552239
0.181818
0.0454545
0
0
0
0
0.604167
0.395833
0.547368
0.126316
1
1
0
0
0
1
0
0.789474
0
3
0
0
0
0
0
0
0
0
0
0
0
0
0
0
0
0
0
0
0
0
0
0
0
0
0
0
0
0
0
0
0
0
0
0
0
0
0
0
0
0
0
0
0
0
0
0
0
0
0
0
0
0
0
0
0
0
0
0
0
0
0
0
0
0
0
0
0
0
0
0
0
0
0
0
0
0
0
0
0
0
0
0
0
0
0
0
0
0
0
0
0
0.395833
0.413628
0
0.46875
0.46875
0
0
0
0
0
0
0.273684
0.0526316
0.686567
0.343284
0.791045
0.552239
0.181818
0.0454545
0
0
0
0
0.760417
0.4375
0.705263
0.126316
1
1
0
0
0
1
0
0.789474
0
3
0
0
0
0
0
0
0
0
0
0
0
0
0
0
0
0
0
0
0
0
0
0
0
0
0
0
0
0
0
0
0
0
0
0
0
0
0
0
0
0
0
0
0
0
0
0
0
0
0
0
0
0
0
0
0
0
0
0
0
0
0
0
0
0
0
0
0
0
0
0
0
0
0
0
0
0
0
0
0
0
0
0
0
0
0
0
0
0
0
0
0
0.458333
0.203307
0
0.864583
0.71875
0
0
0
0
0
0
0.273684
0.0526316
0.686567
0.343284
0.791045
0.552239
0.181818
0.0454545
0
0
0
0
0.739583
0.53125
0.705263
0.126316
1
1
0
0
0
1
0
0.789474
0
3
0
0
0
0
0
0
0
0
0
0
0
0
0
0
0
0
0
0
0
0
0
0
0
0
0
0
0
0
0
0
0
0
0
0
0
0
0
0
0
0
0
0
0
0
0
0
0
0
0
0
0
0
0
0
0
0
0
0
0
0
0
0
0
0
0
0
0
0
0
0
0
0
0
0
0
0
0
0
0
0
0
0
0
0
0
0
0
0
0
0
0
0.416667
0.273785
0
0.572917
0.729167
0
0
0
0
0
0
0.221053
0.0526316
0.686567
0.343284
0.791045
0.552239
0.454545
0.25
0
0
0
0
0.8125
0.395833
0.705263
0.0842105
1
1
0
0
0
1
0
0.789474
0
3
0
0
0
0
0
0
0
0
0
0
0
0
0
0
0
0
0
0
0
0
0
0
0
0
0
0
0
0
0
0
0
0
0
0
0
0
0
0
0
0
0
0
0
0
0
0
0
0
0
0
0
0
0
0
0
0
0
0
0
0
0
0
0
0
0
0
0
0
0
0
0
0
0
0
0
0
0
0
0
0
0
0
0
0
0
0
0
0
0
0
0
0.604167
0.106775
0
0.802083
0.729167
0
0
0
0
0
0
0.221053
0.0526316
0.686567
0.343284
0.791045
0.552239
0.454545
0.25
0
0
0
0
0.614583
0.416667
0.705263
0.0842105
1
0
1
1
1
0
1
0.789474
0
3
0
0
0
0
0
0
0
0
0
0
0
0
0
0
0
0
0
0
0
0
0
0
0
0
0
0
0
0
0
0
0
0
0
0
0
0
0
0
0
0
0
0
0
0
0
0
0
0
0
0
0
0
0
0
0
0
0
0
0
0
0
0
0
0
0
0
0
0
0
0
0
0
0
0
0
0
0
0
0
0
0
0
0
0
0
0
0
0
0
0.21875
0
0.729167
0.165229
0
0.395833
0.552083
0
0
0
0
0
0
0.221053
0.0526316
0.686567
0.343284
0.791045
0.552239
0.454545
0.25
0
0
0
0
0.416667
0.40625
0.673684
0.0842105
1
0
1
1
1
0
1
0.789474
0
3
0
0
0
0
0
0
0
0
0
0
0
0
0
0
0
0
0
0
0
0
0
0
0
0
0
0
0
0
0
0
0
0
0
0
0
0
0
0
0
0
0
0
0
0
0
0
0
0
0
0
0
0
0
0
0
0
0
0
0
0
0
0
0
0
0
0
0
0
0
0
0
0
0
0
0
0
0
0
0
0
0
0
0
0
0
0
0
0
0
0
0
0.322917
0.326671
0
0.21875
0.208333
0
0
0
0
0
0
0.273684
0.0526316
0.686567
0.343284
0.791045
0.552239
0.775
0.6875
0
0
0
0
0.604167
0.395833
0.705263
0.126316
1
1
0
0
0
1
1
0.789474
0
3
0
0
0
0
0
0
0
0
0
0
0
0
0
0
0
0
0
0
0
0
0
0
0
0
0
0
0
0
0
0
0
0
0
0
0
0
0
0
0
0
0
0
0
0
0
0
0
0
0
0
0
0
0
0
0
0
0
0
0
0
0
0
0
0
0
0
0
0
0
0
0
0
0
0
0
0
0
0
0
0
0
0
0
0
0
0
0
0
0
0
0
0.479167
0.238602
0
0.416667
0.6875
0
0
0
0
0
0
0.273684
0.0526316
0.686567
0.343284
0.791045
0.552239
0.775
0.6875
0
0
0
0
0.604167
0.395833
0.705263
0.126316
1
1
0
1
0
1
0
0.789474
0
3
0
0
0
0
0
0
0
0
0
0
0
0
0
0
0
0
0
0
0
0
0
0
0
0
0
0
0
0
0
0
0
0
0
0
0
0
0
0
0
0
0
0
0
0
0
0
0
0
0
0
0
0
0
0
0
0
0
0
0
0
0
0
0
0
0
0
0
0
0
0
0
0
0
0
0
0
0
0
0
0
0
0
0
0
0
0
0
0
0
0.1875
0
0.625
0.205979
0
0.572917
0.614583
0
0
0
0
0
0
0.273684
0.0526316
0.686567
0.343284
0.791045
0.552239
0.775
0.6875
0
0
0
0
0.604167
0.395833
0.705263
0.126316
1
0
0
0
0
0
0
0.789474
0
3
0
0
0
0
0
0
0
0
0
0
0
0
0
0
0
0
0
0
0
0
0
0
0
0
0
0
0
0
0
0
0
0
0
0
0
0
0
0
0
0
0
0
0
0
0
0
0
0
0
0
0
0
0
0
0
0
0
0
0
0
0
0
0
0
0
0
0
0
0
0
0
0
0
0
0
0
0
0
0
0
0
0
0
0
0
0
0
0
0
