0
0
0.34375
0.592728
0
0
0.0729167
0
0
0
0
0
0
0.231579
0.0736842
0.0298507
0.0597015
0.0447761
0.0746269
0.181818
0.0454545
0
0
0
0
0
0
0.284211
0.168421
1
1
0
0
0
1
0
0.789474
0
3
4
0
0
0
0
0
0
0
0
0
0
0
0
0
0
0
0
0
0
0
0
0
0
0
0
0
0
0
0
0
0
0
0
0
0
0
0
0
0
0
0
0
0
0
0
0
0
0
0
0
0
0
0
0
0
0
0
0
0
0
0
0
0
0
0
0
0
0
0
0
0
0
0
0
0
0
0
0
0
0
0
0
0
0
0
0
0
0
0
0
0
0.34375
0.470512
0
0
0.0729167
0
0
0
0
0
0
0.231579
0.0736842
0.0298507
0.0597015
0.0447761
0.0746269
0.181818
0.0454545
0
0
0
0
0.645833
0.447917
0.378947
0.168421
1
1
0
0
0
1
0
0.789474
0
3
4
0
0
0
0
0
0
0
0
0
0
0
0
0
0
0
0
0
0
0
0
0
0
0
0
0
0
0
0
0
0
0
0
0
0
0
0
0
0
0
0
0
0
0
0
0
0
0
0
0
0
0
0
0
0
0
0
0
0
0
0
0
0
0
0
0
0
0
0
0
0
0
0
0
0
0
0
0
0
0
0
0
0
0
0
0
0
0
0
0
0
0.34375
0.392443
0
0
0.0729167
0
0
0
0
0
0
0.231579
0.0736842
0.0298507
0.0597015
0.0447761
0.0746269
0.181818
0.0454545
0
0
0
0
0.416667
0.53125
0.368421
0.168421
1
1
0
0
0
1
0
0.789474
0
3
4
0
0
0
0
0
0
0
0
0
0
0
0
0
0
0
0
0
0
0
0
0
0
0
0
0
0
0
0
0
0
0
0
0
0
0
0
0
0
0
0
0
0
0
0
0
0
0
0
0
0
0
0
0
0
0
0
0
0
0
0
0
0
0
0
0
0
0
0
0
0
0
0
0
0
0
0
0
0
0
0
0
0
0
0
0
0
0
0
0
0
0.40625
0.305188
0
0.322917
0.302083
0
0
0
0
0
0
0.231579
0.0736842
0.0298507
0.0597015
0.0447761
0.0746269
0.181818
0.0454545
0
0
0
0
0
0
0.326316
0.168421
1
1
0
0
0
1
0
0.789474
0
3
4
0
0
0
0
0
0
0
0
0
0
0
0
0
0
0
0
0
0
0
0
0
0
0
0
0
0
0
0
0
0
0
0
0
0
0
0
0
0
0
0
0
0
0
0
0
0
0
0
0
0
0
0
0
0
0
0
0
0
0
0
0
0
0
0
0
0
0
0
0
0
0
0
0
0
0
0
0
0
0
0
0
0
0
0
0
0
0
0
0
0
0.40625
0.277931
0
0.322917
0.302083
0
0
0
0
0
0
0.231579
0.0736842
0.0298507
0.0597015
0.0447761
0.0746269
0.181818
0.0454545
0
0
0
0
0.5625
0.40625
0.494737
0.168421
1
0
1
1
1
0
1
0.789474
0
3
4
0
0
0
0
0
0
0
0
0
0
0
0
0
0
0
0
0
0
0
0
0
0
0
0
0
0
0
0
0
0
0
0
0
0
0
0
0
0
0
0
0
0
0
0
0
0
0
0
0
0
0
0
0
0
0
0
0
0
0
0
0
0
0
0
0
0
0
0
0
0
0
0
0
0
0
0
0
0
0
0
0
0
0
0
0
0
0
0
0
0
0.40625
0.400146
0
0.322917
0.302083
0
0
0
0
0
0
0.231579
0.0736842
0.0298507
0.0597015
0.0447761
0.0746269
0.181818
0.0454545
0
0
0
0
0.46875
0.635417
0.4
0.168421
1
0
1
1
1
0
1
0.789474
0
3
4
0
0
0
0
0
0
0
0
0
0
0
0
0
0
0
0
0
0
0
0
0
0
0
0
0
0
0
0
0
0
0
0
0
0
0
0
0
0
0
0
0
0
0
0
0
0
0
0
0
0
0
0
0
0
0
0
0
0
0
0
0
0
0
0
0
0
0
0
0
0
0
0
0
0
0
0
0
0
0
0
0
0
0
0
0
0
0
0
0
0
0.510417
0.518658
0
0.395833
0.572917
0
0
0
0
0
0
0.231579
0.0736842
0.0298507
0.0597015
0.0447761
0.0746269
0.181818
0.0454545
0
0
0
0
0.96875
0.75
0.610526
0.168421
1
1
0
0
0
1
1
0.789474
0
3
4
0
0
0
0
0
0
0
0
0
0
0
0
0
0
0
0
0
0
0
0
0
0
0
0
0
0
0
0
0
0
0
0
0
0
0
0
0
0
0
0
0
0
0
0
0
0
0
0
0
0
0
0
0
0
0
0
0
0
0
0
0
0
0
0
0
0
0
0
0
0
0
0
0
0
0
0
0
0
0
0
0
0
0
0
0
0
0
0
0
0
0.510417
0.629763
0
0.395833
0.572917
0
0
0
0
0
0
0.231579
0.0736842
0.0298507
0.0597015
0.0447761
0.0746269
0.181818
0.0454545
0
0
0
0
0.708333
0.479167
0.536842
0.168421
1
1
0
1
0
1
0
0.789474
0
3
4
0
0
0
0
0
0
0
0
0
0
0
0
0
0
0
0
0
0
0
0
0
0
0
0
0
0
0
0
0
0
0
0
0
0
0
0
0
0
0
0
0
0
0
0
0
0
0
0
0
0
0
0
0
0
0
0
0
0
0
0
0
0
0
0
0
0
0
0
0
0
0
0
0
0
0
0
0
0
0
0
0
0
0
0
0
0
0
0
0
0
0.510417
0.624281
0
0.395833
0.572917
0
0
0
0
0
0
0.231579
0.0736842
0.0298507
0.0597015
0.0447761
0.0746269
0.181818
0.0454545
0
0
0
0
0.520833
0.71875
0.610526
0.168421
1
0
0
0
0
0
0
0.789474
0
3
4
0
0
0
0
0
0
0
0
0
0
0
0
0
0
0
0
0
0
0
0
0
0
0
0
0
0
0
0
0
0
0
0
0
0
0
0
0
0
0
0
0
0
0
0
0
0
0
0
0
0
0
0
0
0
0
0
0
0
0
0
0
0
0
0
0
0
0
0
0
0
0
0
0
0
0
0
0
0
0
0
0
0
0
0
0
0
0
0
