0
0.5
0.6
0.5
0
0.2
0.5
0.540816
0
0
0
0
0
0
0
0.0925926
0.111111
0.12963
0.148148
0
0.148148
0.6
0.457143
2
1
0
0
0.5
0
0
1
0
0
0
1
0
0
0
0
0
0
0
0
0
0
0
0
0
0
0
0
0
0
0
0
0
0
0
0
0
0
0
0
0
0
0
0
0
0
0
0
0
0
0
0
0
0
0
0
0
0
0
0
0
0
0
0
0
0
0
0
0
0
0
0
0
0
0
0
0
0
0
0
0
0
0
0
0
0
0
0
0
0
0
0
0
0
0
0
0
0
0
0
0
0
0
0
0
0
0.5
0.6
0.5
0
0.2
0.5
0.540816
0
0
0
0
0
0
0
0.0925926
0.111111
0.12963
0.148148
0
0.148148
0.6
0.457143
2
1
0
0
0.5
0
0
1
0
0
0
1
0
0.177885
0
0
0
0
0
0
0
0
0
0
0
0
0
0
0
0
0
0
0
0
0
0
0
0
0
0
0
0
0
0
0
0
0
0
0
0
0
0
0
0
0
0
0
0
0
0
0
0
0
0
0
0
0
0
0
0
0
0
0
0
0
0
0
0
0
0
0
0
0
0
0
0
0
0
0
0
0
0
0
0
0
0
0
0
0
0
0
0
0
0
0
0
0.5
0.6
0.5
0
0.2
0.5
0
0
0
0
0
0
0
0
0.0925926
0.111111
0.12963
0.148148
0
0.148148
0.6
0.457143
2
1
0
0
0.5
0
0
1
0
0
0
1
0
0.177885
0
0
0
0
0
0
0
0
0
0
0
0
0
0
0
0
0
0
0
0
0
0
0
0
0
0
0
0
0
0
0
0
0
0
0
0
0
0
0
0
0
0
0
0
0
0
0
0
0
0
0
0
0
0
0
0
0
0
0
0
0
0
0
0
0
0
0
0
0
0
0
0
0
0
0
0
0
0
0
0
0
0
0
0
0
0
0
0
0
0
0
0
0.5
0.6
0.5
0
0.2
0.5
0
0
0
0
0
0
0
0
0.0925926
0.111111
0.12963
0.148148
0
0.148148
0.6
0
2
0
0
0
0.5
0
0
1
0
0
0
1
0
0.177885
0
0
0
0
0
0
0
0
0
0
0
0
0
0
0
0
0
0
0
0
0
0
0
0
0
0
0
0
0
0
0
0
0
0
0
0
0
0
0
0
0
0
0
0
0
0
0
0
0
0
0
0
0
0
0
0
0
0
0
0
0
0
0
0
0
0
0
0
0
0
0
0
0
0
0
0
0
0
0
0
0
0
0
0
0
0
0
0
0
0
0
0
0.260417
0.895833
0.666667
0.114583
0.385417
0.864583
0
0
0.230269
0
0
0.698413
0.272727
0.0151515
0.0925926
0.111111
0.12963
0.148148
0
0.148148
0.285714
0.2
2
3
0.666667
0.84375
0.5
0.0909091
1
0
1
1
1
0
1
0
0
0
0
0
0
0
0
0
0
0
0
0
0
0
0
0
0
0
0
0
0
0
0
0
0
0
0
0
0
0
0
0
0
0
0
0
0
0
0
0
0
0
0
0
0
0
0
0
0
0
0
0
0
0
0
0
0
0
0
0
0
0
0
0
0
0
0
0
0
0
0
0
0
0
0
0
0
0
0
0
0
0
0
0
0
0
0
0
0
0
0
0
0.260417
0.895833
0.666667
0.114583
0.385417
0.864583
0
0
0.714286
0
0
0.190476
0.272727
0.0151515
0.0925926
0.111111
0.12963
0.148148
0
0.148148
0.285714
0.2
2
3
0.1875
0.84375
0.287879
0.136364
0
0
1
1
1
0
1
0
0
0
0
0
0
0
0
0
0
0
0
0
0
0
0
0
0
0
0
0
0
0
0
0
0
0
0
0
0
0
0
0
0
0
0
0
0
0
0
0
0
0
0
0
0
0
0
0
0
0
0
0
0
0
0
0
0
0
0
0
0
0
0
0
0
0
0
0
0
0
0
0
0
0
0
0
0
0
0
0
0
0
0
0
0
0
0
0
0
0
0
0
0.260417
0.479167
0.385417
0
0.625
0.916667
0
0
0.285714
0
0
0.746032
0.272727
0.0151515
0.0925926
0.111111
0.12963
0.148148
0
0.148148
0.285714
0.2
2
3
0.104167
0.84375
0.287879
0.136364
0
1
0
0
0
1
1
0
0
0
0
0
0
0
0
0
0
0
0
0
0
0
0
0
0
0
0
0
0
0
0
0
0
0
0
0
0
0
0
0
0
0
0
0
0
0
0
0
0
0
0
0
0
0
0
0
0
0
0
0
0
0
0
0
0
0
0
0
0
0
0
0
0
0
0
0
0
0
0
0
0
0
0
0
0
0
0
0
0
0
0
0
0
0
0
0
0
0
0
0
0.260417
0.8125
0.666667
0
0.395833
0.916667
0
0
0
0
0
0.190476
0.272727
0.0151515
0.0925926
0.111111
0.12963
0.148148
0
0.888889
0.285714
0.485714
2
3
0.635417
0.770833
0.530303
0.151515
0
1
0
1
0
1
0
0
0
0
0
0
0
0
0
0
0
0
0
0
0
0
0
0
0
0
0
0
0
0
0
0
0
0
0
0
0
0
0
0
0
0
0
0
0
0
0
0
0
0
0
0
0
0
0
0
0
0
0
0
0
0
0
0
0
0
0
0
0
0
0
0
0
0
0
0
0
0
0
0
0
0
0
0
0
0
0
0
0
0
0
0
0
0
0
0
0
0
0
0
0.5
0.6
0.5
0
0.2
0.5
0
0
0
0
0
0
0
0
0.0925926
0.111111
0.12963
0.148148
0
0.148148
0
0
0
0
0
0
0.5
0
0
0
0
0
0
0
0
0
0
0
0
0
0
0
0
0
0
0
0
0
0
0
0
0
0
0
0
0
0
0
0
0
0
0
0
0
0
0
0
0
0
0
0
0
0
0
0
0
0
0
0
0
0
0
0
0
0
0
0
0
0
0
0
0
0
0
0
0
0
0
0
0
0
0
0
0
0
0
0
0
0
0
0
0
0
0
0
0
0
0
0
0
0
0
0
0
0
0
0
