0
0.479167
0.552083
0.416667
0
0.916667
0.666667
0.380734
0.811927
0
0
0
0
0.347368
0.105263
0
0.0895522
0.402985
0.656716
0
0.0454545
0
0
0
0
0.760417
0.854167
0.0105263
0
1
1
0
0
0
1
0
0.631579
0
6
3
0
0
0
0
0
0
0
0
0
0
0
0
0
0
0
0
0
0
0
0
0
0
0
0
0
0
0
0
0
0
0
0
0
0
0
0
0
0
0
0
0
0
0
0
0
0
0
0
0
0
0
0
0
0
0
0
0
0
0
0
0
0
0
0
0
0
0
0
0
0
0
0
0
0
0
0
0
0
0
0
0
0
0
0
0
0
0
0
0
0.208333
0.552083
0.302083
0
0.916667
0.96875
0.848624
0.527523
0
0
0
0
0.347368
0.105263
0
0.0895522
0.402985
0.656716
0
0.0454545
0
0
0
0
1
0.739583
0.0105263
0.0736842
1
1
0
0
0
1
0
0.631579
0
6
3
0
0
0
0
0
0
0
0
0
0
0
0
0
0
0
0
0
0
0
0
0
0
0
0
0
0
0
0
0
0
0
0
0
0
0
0
0
0
0
0
0
0
0
0
0
0
0
0
0
0
0
0
0
0
0
0
0
0
0
0
0
0
0
0
0
0
0
0
0
0
0
0
0
0
0
0
0
0
0
0
0
0
0
0
0
0
0
0
0
0.854167
0.791667
0.302083
0
0.916667
0.96875
0.192661
0.353211
0
0
0
0
0.347368
0.105263
0
0.0895522
0.402985
0.656716
0
0.0454545
0
0
0
0
1
0.739583
0.0105263
0.178947
1
1
0
0
0
1
0
0.631579
0
6
3
0
0
0
0
0
0
0
0
0
0
0
0
0
0
0
0
0
0
0
0
0
0
0
0
0
0
0
0
0
0
0
0
0
0
0
0
0
0
0
0
0
0
0
0
0
0
0
0
0
0
0
0
0
0
0
0
0
0
0
0
0
0
0
0
0
0
0
0
0
0
0
0
0
0
0
0
0
0
0
0
0
0
0
0
0
0
0
0
0
0.208333
0.552083
0.635417
0
0.916667
0.96875
0.848624
0.527523
0
0
0
0
0.347368
0.105263
0
0.0895522
0.402985
0.656716
0
0.0454545
0
0
0
0
1
0.739583
0.0105263
0.0736842
1
1
0
0
0
1
0
0.631579
0
6
3
0
0
0
0
0
0
0
0
0
0
0
0
0
0
0
0
0
0
0
0
0
0
0
0
0
0
0
0
0
0
0
0
0
0
0
0
0
0
0
0
0
0
0
0
0
0
0
0
0
0
0
0
0
0
0
0
0
0
0
0
0
0
0
0
0
0
0
0
0
0
0
0
0
0
0
0
0
0
0
0
0
0
0
0
0
0
0
0
0
0.208333
0.552083
0.635417
0
0.916667
0.96875
0.848624
0.527523
0
0
0
0
0.347368
0.105263
0
0.0895522
0.402985
0.656716
0
0.0454545
0
0
0
0
1
0.739583
0.178947
0.0736842
1
0
1
1
1
0
1
0.631579
0
6
3
0
0
0
0
0
0
0
0
0
0
0
0
0
0
0
0
0
0
0
0
0
0
0
0
0
0
0
0
0
0
0
0
0
0
0
0
0
0
0
0
0
0
0
0
0
0
0
0
0
0
0
0
0
0
0
0
0
0
0
0
0
0
0
0
0
0
0
0
0
0
0
0
0
0
0
0
0
0
0
0
0
0
0
0
0
0
0
0
0.604167
0.208333
0.552083
0.635417
0
0.916667
0.96875
0.848624
0.527523
0
0
0
0
0.347368
0.105263
0
0.0895522
0.402985
0.656716
0
0.0454545
0
0
0
0
1
0.739583
0.0105263
0.0736842
1
0
1
1
1
0
1
0.631579
0.484211
6
3
0
0
0
0
0
0
0
0
0
0
0
0
0
0
0
0
0
0
0
0
0
0
0
0
0
0
0
0
0
0
0
0
0
0
0
0
0
0
0
0
0
0
0
0
0
0
0
0
0
0
0
0
0
0
0
0
0
0
0
0
0
0
0
0
0
0
0
0
0
0
0
0
0
0
0
0
0
0
0
0
0
0
0
0
0
0
0
0
0.604167
0.208333
0.552083
0.635417
0
0.916667
0.96875
0.270642
0.463303
0
0
0
0
0.347368
0.105263
0
0.0895522
0.402985
0.656716
0
0.0454545
0
0
0
0
1
0.739583
0.0105263
0.0736842
0
1
0
0
0
1
1
0.631579
0.484211
6
3
0
0
0
0
0
0
0
0
0
0
0
0
0
0
0
0
0
0
0
0
0
0
0
0
0
0
0
0
0
0
0
0
0
0
0
0
0
0
0
0
0
0
0
0
0
0
0
0
0
0
0
0
0
0
0
0
0
0
0
0
0
0
0
0
0
0
0
0
0
0
0
0
0
0
0
0
0
0
0
0
0
0
0
0
0
0
0
0
0.229167
0.760417
0.552083
0.791667
0
0.916667
0.96875
0.655963
0
0
0
0
0
0.347368
0.105263
0
0.0895522
0.402985
0.656716
0
0.0454545
0
0
0
0
0.75
0.947917
0.0105263
0.0736842
0
1
0
1
0
1
0
0.631579
0
6
3
0
0
0
0
0
0
0
0
0
0
0
0
0
0
0
0
0
0
0
0
0
0
0
0
0
0
0
0
0
0
0
0
0
0
0
0
0
0
0
0
0
0
0
0
0
0
0
0
0
0
0
0
0
0
0
0
0
0
0
0
0
0
0
0
0
0
0
0
0
0
0
0
0
0
0
0
0
0
0
0
0
0
0
0
0
0
0
0
0
0.479167
0.552083
0.416667
0
0.916667
0.666667
0
0
0
0
0
0
0.347368
0.105263
0
0.0895522
0.402985
0.656716
0
0.0454545
0
0
0
0
0.760417
0.854167
0.0105263
0
1
0
0
0
0
0
0
0.631579
0
6
3
0
0
0
0
0
0
0
0
0
0
0
0
0
0
0
0
0
0
0
0
0
0
0
0
0
0
0
0
0
0
0
0
0
0
0
0
0
0
0
0
0
0
0
0
0
0
0
0
0
0
0
0
0
0
0
0
0
0
0
0
0
0
0
0
0
0
0
0
0
0
0
0
0
0
0
0
0
0
0
0
0
0
0
0
0
0
0
0
