0.482759
0.142857
0.285714
0.551724
0.0344828
0.189655
0.862069
0.431034
0
0.142857
0.285714
0.428571
0.571429
0.714286
0.857143
1
0
0.142857
0.285714
0.428571
0.571429
0.714286
0.857143
1
0
0.142857
0.285714
0.428571
0.571429
0.714286
0.857143
1
0
0.142857
0.285714
0.428571
0.571429
0.714286
0.857143
1
0
0.142857
0.285714
0.428571
0.571429
0.714286
0.857143
1
0
0.142857
0.285714
0.428571
0.571429
0.714286
0.857143
1
0
0.142857
0.285714
0.428571
0.571429
0.714286
0.857143
1
0
0.142857
0.285714
0.428571
0.571429
0.714286
0.857143
1
