0.12069
0.413793
0.285714
0.428571
0.137931
0.534483
0.293103
0
0
0.142857
0.285714
0.428571
0.571429
0.714286
0.857143
1
0
0.142857
0.285714
0.428571
0.571429
0.714286
0.857143
1
0
0.142857
0.285714
0.428571
0.571429
0.714286
0.857143
1
0
0.142857
0.285714
0.428571
0.571429
0.714286
0.857143
1
0
0.142857
0.285714
0.428571
0.571429
0.714286
0.857143
1
0
0.142857
0.285714
0.428571
0.571429
0.714286
0.857143
1
0
0.142857
0.285714
0.428571
0.571429
0.714286
0.857143
1
0
0.142857
0.285714
0.428571
0.571429
0.714286
0.857143
1
