0.431034
0.327586
0.655172
0.275862
0.482759
0.344828
0.482759
0.655172
0
0.142857
0.285714
0.428571
0.571429
0.714286
0.857143
1
0
0.142857
0.285714
0.428571
0.571429
0.714286
0.857143
1
0
0.142857
0.285714
0.428571
0.571429
0.714286
0.857143
1
0
0.142857
0.285714
0.428571
0.571429
0.714286
0.857143
1
0
0.142857
0.285714
0.428571
0.571429
0.714286
0.857143
1
0
0.142857
0.285714
0.428571
0.571429
0.714286
0.857143
1
0
0.142857
0.285714
0.428571
0.571429
0.714286
0.857143
1
0
0.142857
0.285714
0.428571
0.571429
0.714286
0.857143
1
