0
0.603448
0.448276
0.482759
0.586207
0.62069
0.827586
0.672414
0
0.810345
0.285714
0.428571
0.172414
0.714286
0.857143
1
0
0.310345
0.285714
0.428571
0.172414
0.714286
0.413793
0.275862
0.568965
0.775862
0.655172
0.428571
0.655172
0.714286
0.637931
0.603448
0.189655
0.310345
0.758621
0.428571
0.172414
0.413793
0.413793
0.913793
0
0.310345
0.285714
0.428571
0.172414
0.714286
0.413793
0.275862
0
0.310345
0.285714
0.428571
0.172414
0.714286
0.413793
0.275862
0
0.310345
0.285714
0.428571
0.172414
0.714286
0.413793
0.275862
0
0.142857
0.285714
0.428571
0.571429
0.714286
0.857143
1
