0.46875
0.552083
0.46875
0.428571
0
0
0.34375
0
0.375
0.447917
0.285714
0.428571
0.875
0.395833
0
0.28125
0.572917
0.479167
0.416667
0.428571
0.34375
0.28125
0.197917
0.0520833
0
0.0833333
0.145833
0.428571
0.395833
0.25
0.489583
0.770833
0
0
0
0.428571
0
0
0.46875
0
0.40625
0.21875
0.285714
0.428571
0.416667
0.714286
0.520833
0.822917
0
0
0
0.428571
0
0.270833
0.885417
0
0
0.142857
0.285714
0.428571
0.571429
0.714286
0.857143
1
0
0
0.0729167
0.428571
0
0.166667
0.302083
0.0520833
0.447917
0.142857
0.833333
0.428571
0.15625
0.714286
0.114583
0.09375
0
0.142857
0.285714
0.428571
0.571429
0.714286
0.857143
1
0
0.142857
0.285714
0.428571
0.571429
0.714286
0.857143
1
0
0
0
0.428571
0.583333
0
0
0
0.947917
0.604167
0.285714
0.428571
0.0625
0.291667
0.635417
1
0
0.142857
0.285714
0.428571
0.571429
0.208333
0.166667
0.0625
0
0.142857
0.285714
0.428571
0.571429
0.714286
0.857143
1
0
0
0
0.428571
0
0.520833
0
0
1
0.635417
0.322917
0.428571
0.0208333
0.333333
0.666667
1
0.541667
0.385417
0.285714
0.428571
0.135417
0.479167
0.322917
0.0833333
0
0.142857
0.285714
0.428571
0.571429
0.714286
0.857143
1
0.78125
0
0
0.428571
0
0
0
0
0
0.4375
0.739583
0.428571
0.9375
0.71875
0.416667
0
0.552083
0.395833
0.291667
0.428571
0.0729167
0.583333
0.510417
0.364583
0
0.142857
0.285714
0.428571
0.571429
0.714286
0.857143
1
0
0
0
0.428571
0
0.714286
0
0
1
0.142857
0.285714
0.428571
0.03125
0.291667
0.166667
1
0
0.114583
0.285714
0.428571
0.145833
0.4375
0.857143
0.6875
0
0.142857
0.285714
0.428571
0.571429
0.714286
0.857143
1
0
0.142857
0
0.428571
0
0
0
0.333333
0.614583
0.142857
0.46875
0.428571
0.78125
0.714286
0.135417
0.0520833
0.46875
0.364583
0
0.428571
0
0.104167
0.489583
0.270833
0
0.142857
0.285714
0.428571
0.571429
0.714286
0.857143
1
0
0
0
0.428571
0
0
0.84375
0
0.84375
0.572917
0.427083
0.428571
1
0.729167
0.604167
0.479167
0.552083
0.71875
0.854167
0.428571
0.916667
0.291667
0.447917
0.479167
0
0.142857
0.285714
0.428571
0.571429
0.714286
0.857143
1
0
0
0.32
0
1
1
3
0
0
0
0.32
0
1
1
3
0
0.43
0.45
0.54
0
1
1
3
0
0.38
0.39
0.28
0
1
3
3
0
0.5
0.32
0.11
0
1
3
3
0
0.5
0.53
0.59
0
1
3
3
0
0.42
0.32
0
0
1
1
1
0
0
0
0.32
0
1
1
3
0
0
0
0.32
0
1
1
3
0
0
0
0
0
0
1
1
0
0
0
1
0
0
1
0
0
0
0
0
0
0
0
0
0
0
0
0
0
0
1
1
0
0
0
1
0
0
1
0
0
0
0
0
0
0
0
0
0
0
0
0
0
0
1
1
0
0
0
0
0
0
1
0
0
0
0
0
0
0
0
0
0
0
0
0
0
0
1
1
0
0
0
0
0
0
1
0
0
0
0
0
0
0
0
0
0
0
0
0
0
0
1
0
1
0
0
0
0
1
0
0
0
0
0
0
0
0
0
0
0
0
0
0
0
0
1
0
1
0
0
0
0
1
0
0
0
1
0
0
0
0
0
0
0
0
0
0
0
0
1
1
0
0
0
0
0
0
1
0
0
0
0
0
0
0
0
0
0
0
0
0
0
0
1
1
0
0
0
1
0
0
1
0
0
0
0
0
0
0
0
0
0
0
0
0
0
0
1
1
0
0
0
1
0
0
1
0
0
0
0
0
0
0
0
0
0
